Linie   2
Samstag                  5      6       7        8       9-15       16       17      18     19   20-23 0
Graß                           06    06        13 33 53 13 33 53 13        13        13    06     06
Brunnstraße                    06    06        13 33 53 13 33 53 13        13        13    06     06
Fernsehsender Ziegetsdorf      07    07        14 34 54 14 34 54 14        14        14    07     07
Graßer Weg                     08    08        15 35 55 15 35 55 15        15        15    08     08
Karl-Stieler-Straße     09 39 09 39 09 36 56 16 36 56 16 36 56 16 36 56 16 36 56 16 36 09 39 09 39
Graßer Weg              10 40 10 40 10 37 57 17 37 57 17 37 57 17 37 57 17 37 57 17 37 10 40 10 40
Geibelplatz             10 40 10 40 10 38 58 18 38 58 18 38 58 18 38 58 18 38 58 18 38 10 40 10 40
Wolfgangschule Süd      11 41 11 41 11 39 59 19 39 59 19 39 59 19 39 59 19 39 59 19 39 11 41 11 41
Theodor-Storm-Straße    12 42 12 42 12 40 00 20 40 00 20 40 00 20 40 00 20 40 00 20 40 12 42 12 42
Augsburger Straße       13 43 13 43 13 41 01 21 41 01 21 41 01 21 41 01 21 41 01 21 41 13 43 13 43
Theresienkirche         14 44 14 44 14 43 03 23 43 03 23 43 03 23 43 03 23 43 03 23 43 14 44 14 44
Justizgebäude           16 46 16 46 16 45 05 25 45 05 25 45 05 25 45 05 25 45 05 25 45 16 46 16 46
Bismarckplatz           17 47 17 47 17 46 06 26 46 06 26 46 06 26 46 06 26 46 06 26 46 17 47 17 47
Arnulfsplatz            19 49 19 49 19 48 08 28 48 08 28 48 08 28 48 08 28 48 08 28 48 19 49 19 49
Fischmarkt              21 51 21 51 21 50 10 30 50 10 30 50 10 30 50 10 30 50 10 30 50 21 51 21 51
Thundorferstraße        22 52 22 52 22 52 12 32 52 12 32 52 12 32 52 12 32 52 12 32 52 22 52 22 52
Dachauplatz             25 55 25 55 25 55 15 35 55 15 35 55 15 35 55 15 35 55 15 35 55 25 55 25 55
HBF/Albertstraße     ab 30 00 30 00 30 00 20 40 00 20 40 00 20 40 00 20 40 00 20 40 00 30 00 30 00
Stobäusplatz            32 02 32 02 32 02 22 42 02 22 42 02 22 42 02 22 42 02 22 42 02 32 02 32 02
Herm.-Geib-Straße       33 03 33 03 33 04 24 44 04 24 44 04 24 44 04 24 44 04 24 44 04 33 03 33 03
Safferlingstraße        34 04 34 04 34 05 25 45 05 25 45 05 25 45 05 25 45 05 25 45 05 34 04 34 04
Krankenhaus St. Josef   35 05 35 05 35 06 26 46 06 26 46 06 26 46 06 26 46 06 26 46 06 35 05 35 05
Zeißstraße              36 06 36 06 36 07 27 47 07 27 47 07 27 47 07 27 47 07 27 47 07 36 06 36 06
Bajuwarenstraße         37 07 37 07 37 08 28 48 08 28 48 08 28 48 08 28 48 08 28 48 08 37 07 37 07
Benzstraße              38 08 38 08 38 09 29 49 09 29 49 09 29 49 09 29 49 09 29 49 09 38 08 38 08
Schöneberger Straße     39 09 39 09 39 10 30 50 10 30 50 10 30 50 10 30 50 10 30 50 10 39 09 39 09
Schwabenstraße          41 11 41 11 41 12 32 52 12 32 52 12 32 52 12 32 52 12 32 52 12 41 11 41 11

