Linie   2
Samstag                 5    6       7        8       9-14       15      16-18    19   20-23  0
Schwabenstraße          31 01 31 01 27 47 07 27 47 07 27 47 07 27 47 07 27 47 01 31 01 31
Schöneberger Straße     31 01 31 01 28 48 08 28 48 08 28 48 08 28 48 08 28 48 01 31 01 31
Benzstraße              32 02 32 02 29 49 09 29 49 09 29 49 09 29 49 09 29 49 02 32 02 32
Bajuwarenstraße         34 04 34 04 31 51 11 31 51 11 31 51 11 31 51 11 31 51 04 34 04 34
Zeißstraße              35 05 35 05 32 52 12 32 52 12 32 52 12 32 52 12 32 52 05 35 05 35
Krankenhaus St. Josef   36 06 36 06 33 53 13 33 53 13 33 53 13 33 53 13 33 53 06 36 06 36
Safferlingstraße        37 07 37 07 34 54 14 34 54 14 34 54 14 34 54 14 34 54 07 37 07 37
Herm.-Geib-Straße       38 08 38 08 35 55 15 35 55 15 35 55 15 35 55 15 35 55 08 38 08 38
Stobäusplatz            39 09 39 09 36 56 16 36 56 16 36 56 16 36 56 16 36 56 09 39 09 39
HBF/Albertstraße     ab 45 15 45 15 40 00 20 40 00 20 40 00 20 40 00 20 40 00 15 45 15 45
Dachauplatz             47 17 47 17 42 02 22 42 02 22 42 02 22 42 02 22 42 02 17 47 17 47
Thundorferstraße        49 19 49 19 45 05 25 45 05 25 45 05 25 45 05 25 45 05 19 49 19 49
Fischmarkt              50 20 50 20 46 06 26 46 06 26 46 06 26 46 06 26 46 06 20 50 20 50
Arnulfsplatz            53 23 53 23 49 09 29 49 09 29 49 09 29 49 09 29 49 09 23 53 23 53
Bismarckplatz           54 24 54 24 50 10 30 50 10 30 50 10 30 50 10 30 50 10 24 54 24 54
Justizgebäude           55 25 55 25 52 12 32 52 12 32 52 12 32 52 12 32 52 12 25 55 25 55
Gutenbergstraße         57 27 57 27 54 14 34 54 14 34 54 14 34 54 14 34 54 14 27 57 27 57
Wolfgangskirche         58 28 58 28 55 15 35 55 15 35 55 15 35 55 15 35 55 15 28 58 28 58
Nibelungenstraße        59 29 59 29 56 16 36 56 16 36 56 16 36 56 16 36 56 16 29 59 29 59
Theodor-Storm-Straße    00 30 00 30 57 17 37 57 17 37 57 17 37 57 17 37 57 17 30 00 30 00
Wolfgangschule Süd      01 31 01 31 58 18 38 58 18 38 58 18 38 58 18 38 58 18 31 01 31 01
Geibelplatz             02 32 02 32 59 19 39 59 19 39 59 19 39 59 19 39 59 19 32 02 32 02
Graßer Weg              03 33 03 33 00 20 40 00 20 40 00 20 40 00 20 40 00 20 33 03 33 03
Karl-Stieler-Straße     04 34 04 34 02 22 42 02 22 42 02 22 42 02 22 42 02 22 34 04 34 04
Fernsehsender Ziegetsdorf5     05       23 43 03 23 43 03 23 43 03         03        05    05
Brunnstraße             07     07       25 45 05 25 45 05 25 45 05         05        07    07
Graß                    08     08       26 46 06 26 46 06 26 46 06         06        08    08

