Linie   2               2B Schwabenstr. - HBF/Albertstr. - Universität - Karl-Stieler-Str
Montag - Freitag            5          6            7          8-17        18      19     20   21-23 0
Schwabenstraße          19 39 52 06 21 36 51 06 21 36 51 06 21 36 51 06 21 36 02 32 01 31 01 31
Schöneberger Straße     20 40 53 07 22 37 52 07 22 37 52 07 22 37 52 07 22 37 03 33 01 31 01 31
Benzstraße              21 41 54 08 23 38 53 08 23 38 53 08 23 38 53 08 23 38 04 34 02 32 02 32
Bajuwarenstraße         22 42 55 10 25 40 55 10 25 40 55 10 25 40 55 10 25 40 06 36 04 34 04 34
Zeißstraße              23 43 56 11 26 41 56 11 26 41 56 11 26 41 56 11 26 41 07 37 05 35 05 35
Krankenhaus St. Josef   24 44 57 12 27 42 57 12 27 42 57 12 27 42 57 12 27 42 08 38 06 36 06 36
Safferlingstraße        25 45 58 13 28 43 58 13 28 43 58 13 28 43 58 13 28 43 09 39 07 37 07 37
Herm.-Geib-Straße       26 46 59 14 29 44 59 14 29 44 59 14 29 44 59 14 29 44 10 40 08 38 08 38
Stobäusplatz            27 47 00 15 30 45 00 15 30 45 00 15 30 45 00 15 30 45 11 41 09 39 09 39
HBF/Albertstraße     ab 31 51 04 19 34 49 04 19 34 49 04 19 34 49 04 19 34 49 15 45 15 45 15 45
Dachauplatz             33 53 06 21 36 51 06 21 36 51 06 21 36 51 06 21 36 51 17 47 17 47 17 47
Thundorferstraße        35 55 08 24 39 54 09 24 39 54 09 24 39 54 09 24 39 54 20 50 19 49 19 49
Fischmarkt              36 56 09 25 40 55 10 25 40 55 10 25 40 55 10 25 40 55 21 51 20 50 20 50
Arnulfsplatz            39 59 12 28 43 58 13 28 43 58 13 28 43 58 13 28 43 58 24 54 23 53 23 53
Bismarckplatz           40 00 13 29 44 59 14 29 44 59 14 29 44 59 14 29 44 59 25 55 24 54 24 54
Justizgebäude           41 01 14 31 46 01 16 31 46 01 16 31 46 01 16 31 46 01 27 57 25 55 25 55
Gutenbergstraße         42 02 15 33 48 03 18 33 48 03 18 33 48 03 18 33 48 03 29 59 27 57 27 57
Wolfgangskirche         43 03 16 34 49 04 19 34 49 04 19 34 49 04 19 34 49 04 30 00 28 58 28 58
Nibelungenstraße        44 04 17 35 50 05 20 35 50 05 20 35 50 05 20 35 50 05 31 01 29 59 29 59
Theodor-Storm-Straße    45 05 18 36 51 06 21 36 51 06 21 36 51 06 21 36 51 06 32 02 30 00 30 00
Wolfgangschule Süd      46 06 19 37 52 07 22      52    22    52     22    52     33 03 31 01 31 01
Geibelplatz             47 07 20 38 53 08 23      53    23    53     23    53     34 04 32 02 32 02
Graßer Weg              48 08 21 39 54 09 24      54    24    54     24    54     35 05 33 03 33 03
Wolfgangschule Nord                            37    07    37     07    37    07
Universität                                    39    09    39     09    39    09
An der Kreuzbreite                             40    10    40     10    40    10
Vitusstraße                                    41    11    41     11    41    11
Karl-Stieler-Straße     49 09 22 41 56 11 26 43 56 13 26 43 56 13 26 43 56 13 37 07 34 04 34 04
Fernsehsender Ziegetsdorf  11 24     57    27     57    27    57     27    57     38 08    05     05
Brunnstraße                12 25     59    29     59    29    59     29    59     40 10    07     07
Graß                       13 26     00    30     00    30    00     30    00     41 11    08     08

