Linie   2               2B Karl-Stieler-Str. - Universität - HBF/Albertstr. - Schwabenstr.
Montag - Freitag            5          6            7          8-18       19    20   21-23  0
Graß                    11 31     04    34     04    34    04     34    03 33 03     06
Brunnstraße             11 31     04    34     04    34    04     34    03 33 03     06
Fernsehsender Ziegetsdor12 32     05    35     05    35    05     35    04 34 04     07
Graßer Weg              13 33     06    36     06    36    06     36    05 35 05     08
Karl-Stieler-Straße     14 34 52 07 19 37 49 07 19 37 49 07 19 37 49 06 36 06 39 09 39
Graßer Weg              15 35 53 08 20 38 50 08      38    08     38    07 37 07 40 10 40
Geibelplatz             15 35 54 09 21 39 51 09      39    09     39    08 38 08 40 10 40
Vitusstraße                                       20    50    20     50
An der Kreuzbreite                                21    51    21     51
Universität                                       23    53    23     53
Wolfgangschule Nord                               25    55    25     55
Wolfgangschule Süd      16 36 55 10 22 40 52 10      40    10     40    09 39 09 41 11 41
Theodor-Storm-Straße    17 37 56 11 23 41 53 11 26 41 56 11 26 41 56 10 40 10 42 12 42
Augsburger Straße       18 38 57 12 24 42 54 12 27 42 57 12 27 42 57 11 41 11 43 13 43
Theresienkirche         20 40 59 14 26 44 56 14 29 44 59 14 29 44 59 13 43 13 44 14 44
Justizgebäude           22 42 01 16 28 46 58 16 31 46 01 16 31 46 01 15 45 15 46 16 46
Justizgebäude           22 42 01 16 28 46 58 16 31 46 01 16 31 46 01 15 45 15 46 16 46
Bismarckplatz           23 43 02 17 29 47 59 17 32 47 02 17 32 47 02 16 46 16 47 17 47
Arnulfsplatz            24 44 04 19 31 49 01 19 34 49 04 19 34 49 04 18 48 18 49 19 49
Fischmarkt              26 46 06 21 33 51 03 21 36 51 06 21 36 51 06 20 50 20 51 21 51
Thundorferstraße        27 47 08 23 35 53 05 23 38 53 08 23 38 53 08 22 52 22 52 22 52
Dachauplatz             29 49 11 26 38 56 08 26 41 56 11 26 41 56 11 25 55 25 55 25 55
HBF/Albertstraße     ab 33 53 16 31 43 01 13 31 46 01 16 31 46 01 16 30 00 30 00 30 00
Stobäusplatz            35 55 18 33 45 03 15 33 48 03 18 33 48 03 18 32 02 32 02 32 02
Herm.-Geib-Straße       36 56 20 35 47 05 17 35 50 05 20 35 50 05 20 34 04 34 03 33 03
Safferlingstraße        37 57 21 36 48 06 18 36 51 06 21 36 51 06 21 35 05 35 04 34 04
Krankenhaus St. Josef   38 58 22 37 49 07 19 37 52 07 22 37 52 07 22 36 06 36 05 35 05
Zeißstraße              39 59 23 38 50 08 20 38 53 08 23 38 53 08 23 37 07 37 06 36 06
Bajuwarenstraße         40 00 24 39 51 09 21 39 54 09 24 39 54 09 24 38 08 38 07 37 07
Benzstraße              41 01 26 41 53 11 23 41 56 11 26 41 56 11 26 40 10 40 08 38 08
Schöneberger Straße     42 02 27 42 54 12 24 42 57 12 27 42 57 12 27 41 11 41 09 39 09
Schwabenstraße          43 03 29 44 56 14 26 44 59 14 29 44 59 14 29 43 13 43 11 41 11

