  Montag - Freitag         5             6                       7                          8                    9           10

     VERKEHRSHINWEIS                                   V V V                        V V

                                                       6S       6S        6S       6S        6S
     Wernerwerkstraße     15 35 52 02 12 22 32 42 52      02 12    22 32     42 52    02 12     22 32 42 52 02 12 22 32 42      02

     Westbad              16 36 53 03 13 23 33 43 53      03 13    23 33     43 53    03 13     23 33 43 53 03 13 23 33 43      03
     Westheim             17 37 54 04 14 24 34 44 54      04 14    24 34     44 54    04 14     24 34 44 54 04 14 24 34 44      04

     Weinweg              18 38 55 05 15 25 35 45 55      05 15    25 35     45 55    05 15     25 35 45 55 05 15 25 35 45      05
     Theresienweg         19 39 56 06 16 26 36 46 56      06 16    26 36     46 56    06 16     26 36 46 56 06 16 26 36 46      06
     Boessnerstraße       20 40 57 07 17 27 37 47 57      07 17    27 37     47 57    07 17     27 37 47 57 07 17 27 37 47      07

     Josef-Adler-Straße   21 41 58 08 18 28 38 48 58      08 18    28 38     48 58    08 18     28 38 48 58 08 18 28 38 48      08
     Albertus-Magnus-Gym. 22 42 59 09 19 29 39 49 59      09 19    29 39     49 59    09 19     29 39 49 59 09 19 29 39 49      09

     Gumpelzhaimerstraße  23 43 00 10 20 30 40 50 00      10 20    30 40     50 00    10 20     30 40 50 00 10 20 30 40 50      10
     Ostdeutsche Galerie  25 45 02 12 22 32 42 52 02      12 22    32 42     52 02    12 22     32 42 52 02 12 22 32 42 52      12
     Arnulfsplatz         28 48 06 16 26 36 46 56 06      16 26    36 46     56 06    16 26     36 46 56 06 16 26 36 46 56      16

     Fischmarkt           30 50 08 18 28 38 48 58 08      18 28    38 48     58 08    18 28     38 48 58 08 18 28 38 48 58      18
     Thundorferstraße     31 51 10 20 30 40 50 00 10      20 30    40 50     00 10    20 30     40 50 00 10 20 30 40 50 00      20

     Dachauplatz          34 54 14 24 34 44 54 04 14 18 24 34 38 44 54 58 04 14 18 24 34 38 44 54 04 14 24 34 44 54 04          24
     HBF/Albertstraße  an 36 56 17 27 37 47 57 07 17 21 27 37 41 47 57 01 07 17 21 27 37 41 47 57 07 17 27 37 47 57 07          27
     HBF/Albertstraße  ab 39 59 18 28 38 48 58 08 18 22 28 38 42 48 58 02 08 18 22 28 38 42 48 58 08 18 28 38 48 58 08 18 28 38

     HBF Süd/Arcaden      40 00 19 29 39 49 59 09 19 23 29 39 43 49 59 03 09 19 23 29 39 43 49 59 09 19 29 39 49 59 09 19 29 39
     Haydnstraße          41 01 20 30 40 50 00 10 20 24 30 40 44 50 00 04 10 20 24 30 40 44 50 00 10 20 30 40 50 00 10 20 30 40

     Galgenberg           42 02 21 31 41 51 01 11 21      31 41    51 01     11 21    31 41     51 01 11 21 31 41 51 01 11 21 31 41
     Otto-Hahn-Straße     43 03 22 32 42 52 02 12 22      32 42    52 02     12 22    32 42     52 02 12 22 32 42 52 02 12 22 32 42
     Universität          45 05 25 35 45 55 05 15 25      35 45    55 05     15 25    35 45     55 05 15 25 35 45 55 05 15 25 35 45

     An der Kreuzbreite   46 06 26 36 46 56 06 16 26      36 46    56 06     16 26    36 46     56 06 16 26 36 46 56 06 16 26 36 46
     Neuprüll             47 07 27 37 47 57 07 17 27      37 47    57 07     17 27    37 47     57 07 17 27 37 47 57 07 17 27 37 47

     Klinikum West        49 09 29 39 49 59 09 19 29 30 39 49 50 59 09 10 19 29 30 39 49 50 59 09 19 29 39 49 59 09 19 29 39 49
     Klinikum             51 11 31 41 51 01 11 21 31 32 41 51 52 01 11 12 21 31 32 41 51 52 01 11 21 31 41 51 01 11 21 31 41 51


     ZEICHENERKLÄRUNG: 6S = fährt als 6S V = nur während der Vorlesungszeiten

