     Montag - Freitag        10           11-14                 15                  16-17          18      19   20-22   23   0

     Wernerwerkstraße     22    42     02    22    42     02 12 22 32 42 52 02 12 22 32 42 52 12 32 52 12 36 06 36 06 36

     Westbad              23    43     03    23    43     03 13 23 33 43 53 03 13 23 33 43 53 13 33 53 13 37 07 37 07 37
     Westheim             24    44     04    24    44     04 14 24 34 44 54 04 14 24 34 44 54 14 34 54 14 38 08 38 08 38

     Weinweg              25    45     05    25    45     05 15 25 35 45 55 05 15 25 35 45 55 15 35 55 15 39 09 39 09 39
     Theresienweg         26    46     06    26    46     06 16 26 36 46 56 06 16 26 36 46 56 16 36 56 16 40 10 40 10 40
     Boessnerstraße       27    47     07    27    47     07 17 27 37 47 57 07 17 27 37 47 57 17 37 57 17 41 11 41 11 41

     Josef-Adler-Straße   28    48     08    28    48     08 18 28 38 48 58 08 18 28 38 48 58 18 38 58 18 42 12 42 12 42
     Albertus-Magnus-Gym. 29    49     09    29    49     09 19 29 39 49 59 09 19 29 39 49 59 19 39 59 19 43 13 43 13 43

     Gumpelzhaimerstraße  30    50     10    30    50     10 20 30 40 50 00 10 20 30 40 50 00 20 40 00 20 44 14 44 14 44
     Ostdeutsche Galerie  32    52     12    32    52     12 22 32 42 52 02 12 22 32 42 52 02 22 42 02 22 46 16 46 16 46
     Arnulfsplatz         36    56     16    36    56     16 26 36 46 56 06 16 26 36 46 56 06 26 46 06 26 49 19 49 19 49

     Fischmarkt           38    58     18    38    58     18 28 38 48 58 08 18 28 38 48 58 08 28 48 08 28 51 21 51 21 51
     Thundorferstraße     40    00     20    40    00     20 30 40 50 00 10 20 30 40 50 00 10 30 50 10 30 52 22 52 22 52

     Dachauplatz          44    04     24    44    04     24 34 44 54 04 14 24 34 44 54 04 14 34 54 14 34 55 25 55 25 55
     HBF/Albertstraße  an 47    07     27    47    07     27 37 47 57 07 17 27 37 47 57 07 17 37 57 17 37 57 27 57 27 57
     HBF/Albertstraße  ab 48 58 08 18 28 38 48 58 08 18 28 38 48 58 08 18 28 38 48 58 08 18 38 58 18 38 00 30 00 30 00

     HBF Süd/Arcaden      49 59 09 19 29 39 49 59 09 19 29 39 49 59 09 19 29 39 49 59 09 19 39 59 19 39 01 31 01 31 01
     Haydnstraße          50 00 10 20 30 40 50 00 10 20 30 40 50 00 10 20 30 40 50 00 10 20 40 00 20 40 02 32 02 32 02

     Galgenberg           51 01 11 21 31 41 51 01 11 21 31 41 51 01 11 21 31 41 51 01 11 21 41 01 21 41 03 33 03 33 03
     Otto-Hahn-Straße     52 02 12 22 32 42 52 02 12 22 32 42 52 02 12 22 32 42 52 02 12 22 42 02 22 42 04 34 04 34 04
     Universität          55 05 15 25 35 45 55 05 15 25 35 45 55 05 15 25 35 45 55 05 15 25 45 05 25 45 06 36 06 36 06

     An der Kreuzbreite   56 06 16 26 36 46 56 06 16 26 36 46 56 06 16 26 36 46 56 06 16 26 46 06 26 46 07 37 07 37 07
     Neuprüll             57 07 17 27 37 47 57 07 17 27 37 47 57 07 17 27 37 47 57 07 17 27 47 07 27 47 08 38 08 38 08

     Klinikum West        59 09 19 29 39 49 59 09 19 29 39 49 59 09 19 29 39 49 59 09 19 29 49 09 29 49 10 40 10 40
     Klinikum             01 11 21 31 41 51 01 11 21 31 41 51 01 11 21 31 41 51 01 11 21 31 51 11 31 51 12 42 12 42
